210035
204171
222257
209734
213254
223080
223071
222301
217078
217514
222541
204890
223798
192144
189640
221022
204443
206219
213351
205027
215970
220613
223816
220732
220582
220466
187319
213282
210039
203719
213343
220363
184516
209575
218821
214337
218468
205642
216167
218049
219270
222219
213324
222343
209731
191430
207037
191657
184343
208140
209739
190694
221020
219402
219836
187338
206221
219816
207761
199666
219812
187821
209785
204159
201641
206638
213481
180157
199004
198413
81888
216171
200060
206647
212159
213733
206654
187320
32588
206657
202669
47370
150198
181114
201073
10020
134963
96379
66066
189624
188795
77768
106335
10001
185282
182387
187595
179307
101950
183121
10058
177374
147864
175318
156098
162876
66820
147945
10874
16514
10117
94300
95251
92505
63528
44246
16530
16515
10118
10064
10042
66098
15066
26075
10212
11995